166 170 175 300 387 473 475 480 484 488 496 500 502 504 511 516 518 524 526 528 532 544 546 548 550 552 554 556 560 562 576 580 584
150 158 173 174 176 298 380 385 386 388 406 407 412 414 448 452 456 463 494 503 510 512 520 530 534 540 543 547 551 555 558 564 568 572 574 578 582
118 134 152 160 165 169 172 182 198 296 379 381 403 405 449 451 453 457 459 480 484 489 491 492 496 500 508 509 528 544 548 552 557 562 573 574 576 584
122 138 149 151 153 157 159 161 167 171 186 294 362 370 382 384 402 404 415 430 455 458 460 491 512 520 522 538 540 542 550 554 556 557 558 559 566 568 570 572 573 575
117 119 121 124 133 135 137 140 154 162 164 168 181 183 185 188 197 199 204 294 296 298 300 330 346 364 372 376 378 383 394 401 408 413 414 416 427 429 431 433 436 454 464 468 472 474 476 480 484 488 489 492 496 500 504 507 508 511 512 520 530 537 544 546 548 549 552 553 559 560 563 569 574 576
123 139 143 163 187 334 350 361 363 365 369 371 373 375 398 412 422 423 426 428 441 444 447 450 465 467 469 487 490 503 521 551 555 564 568 570 572 573
35 83 98 99 115 116 120 132 136 141 142 144 148 156 179 180 184 195 196 200 202 272 290 298 329 331 333 336 345 347 349 352 366 374 377 393 395 397 400 409 411 425 481 482 485 486 493 495 497 498 501 502 506 507 516 519 524 527 529 532 540 543 545 546 547 549 550 554 556 558 559 560 561 562 567 571 572 574 575 576
95 97 147 155 191 211 212 216 227 228 232 243 251 275 276 280 290 291 292 296 300 305 309 335 351 360 368 399 424 439 470 486 502 512 513 514 515 520 521 522 523 535 539 540 550 555 557 573
94 96 107 190 192 203 219 235 244 252 266 270 272 283 287 291 299 313 317 321 325 327 328 329 332 333 337 341 344 345 348 349 353 357 359 361 365 367 369 373 391 392 393 396 397 398 401 405 409 410 413 415 422 437 447 449 453 457 458 459 460 465 466 469 471 472 474 476 529 531 533 536 554 556 559 567 571 575
19 20 24 36 40 51 59 84 88 93 100 105 106 108 131 196 201 202 204 212 214 216 220 228 230 232 236 243 250 258 263 276 278 280 284 288 292 294 297 298 300 305 309 419 421 438 445 473 475 479 480 482 483 484 488 496 498 499 500 504 505 506 511 516 518 519 524 526 527 530 532 534 535 537 539 540 544 546 547 548 552 553 560 562 563 565 566 569 570 573 574 576 584
27 43 52 60 91 104 189 200 219 235 244 246 249 252 254 257 259 264 267 283 286 296 304 308 313 317 399 418 420 436 446 471 487 503 512 514 515 520 522 523 531 533 536 538 539 551 564 568 572
21 23 25 28 37 39 41 44 58 66 69 85 87 89 92 101 103 197 199 213 215 217 220 229 231 233 236 248 251 256 258 260 261 262 268 277 279 281 284 285 289 293 295 302 306 310 312 316 321 325 329 333 337 341 343 345 349 353 357 361 365 369 373 377 381 385 389 393 397 400 401 405 409 413 417 432 434 435 444 457 459 463 464 465 466 468 469 470 472 473 474 475 476 481 483 485 488 497 499 501 504 505 517 518 525 526 528 529 532 534 545 547 549 552 561 562 563
26 42 53 55 57 61 63 65 67 79 90 218 234 245 247 253 255 257 259 266 271 282 314 318 320 324 328 332 336 340 344 348 352 356 360 364 368 372 377 381 385 389 392 396 404 408 412 440 442 443 455 458 460 486 502 513 515 517 521 523 525 527 539 550
22 38 56 64 68 70 74 77 78 80 86 102 198 200 260 262 265 269 270 272 322 326 330 334 338 342 346 350 354 358 366 374 376 380 384 388 394 398 410 416 482 498 516 524 528 530 534 537 538 540 546 562 572 574 576
54 62 71 73 76 214 230 248 256 263 268 278 285 286 288 294 362 370 378 382 386 402 406 414 473 475 514 522 531 533 536
72 75 246 254 264 267 390 392 394 396 398 400 402 404 406 408 410 412 414 448 450 452 454 456 464 466 468 470 474 476 532 535
