162 166 171
146 154 169 170 172
114 130 148 156 161 165 168 178 194 200
118 134 145 147 149 153 155 157 163 167 182
113 115 117 120 129 131 133 136 150 158 160 164 177 179 181 184 193 195 200
119 135 139 159 183 204
31 79 94 95 111 112 116 128 132 137 138 140 144 152 175 176 180 191 192 196 198 204
91 93 143 151 187
90 92 103 186 188 199
16 20 32 36 47 55 80 84 89 96 101 102 104 127 192 197 198 200
23 39 48 56 87 100 185 196
17 19 21 24 33 35 37 40 54 62 65 81 83 85 88 97 99 193 195
22 38 49 51 53 57 59 61 63 75 86
18 34 52 60 64 66 70 73 74 76 82 98 108 194 196
50 58 67 69 72
68 71
